 25 8

 57  79  51  96  92  30  48  63
 71  65  16  91  25  43  63  71
 67  73  80  36  78  96   6  52
  5  72  32  25  54  85  40  87
 60  69  90  18  26  78  44  91
 10  98  50  77  53  16  78  14
 43  89  72  55  81  99  72  15
 59  65  98  22  91   4  25  90
  4  37  20  82  51  67  99  65
 52  13  66  75  54  14  92  40
 20  49  97  91  90  95  67   4
 56   6  53  24  84  66  79  57
 10  39  46  94  71  27  77  31
 14  42   6  30  20  42  76  83
 68  53  76  24   3  76  83  52
 54  64  50   3  84  35  72  84
 93  83   7  45  18  48  89  61
  3  39  49  47  59  89  34  27
 33  60  63  45  38  34  48   9
 50  27  34  61  25  59  66  56
 23  74  40  37  41  50  31  39
 41  37  75   3  75  11  75  72
 24  98  97  44  43  39  49  30
  7  18  30  70  66  99  83  26
 69  14  20   6  67  79  84  71

8 17

84  87  50  63  27  45  82  48  43  51   8  42   0  67  29  13  49
46  89   5  99  39  97  98   0  56  47  28   3  22   9  76  57  22
 9  35  30  93   5  58  26  56  96  45  13  83  57  81  72  14  83
31  47  76  71  92  18  47  20  70  28  61  64  42  50  32  65  25
65  57  96  45  87  97  36   5  96  88  95  68  81  17  38  52   8
58  51  29  19  26   9   1  20  69   8  64   4  33  62  40  60  28
61  81  59  16  87  59  79  86  16  35  45  82  47   3  59  37  40
 5  56  82  67  89  64  54  90   2  47  37  30  90  66  29   0   9